69,14
69,13
70,5
70,4
81,9
69,12
81,8
69,11
76,6
76,5
76,4
69,10
81,7
69,9
69,8
81,6
69,7
81,5
81,4
69,6
69,5
69,4
83,4
83,3
83,2
83,1
83,0
82,4
82,3
82,2
82,1
82,0
81,3
81,2
81,1
81,0
80,4
80,3
80,2
80,1
80,0
79,3
79,2
79,1
79,0
78,3
78,2
78,1
78,0
77,3
77,2
77,1
77,0
76,3
76,2
76,1
76,0
75,3
75,2
75,1
75,0
74,3
74,2
74,1
74,0
73,3
73,2
73,1
73,0
72,3
72,2
72,1
72,0
0,346
71,3
71,2
71,1
71,0
70,3
70,2
70,1
70,0
69,3
69,2
69,1
69,0
68,4
68,3
68,2
68,1
68,0
67,4
67,3
67,2
67,1
67,0
0,345
0,447
0,446
59,5
59,4
59,2
59,1
59,0
58,5
58,4
58,3
58,2
58,1
58,0
57,4
57,3
57,2
57,1
57,0
56,4
56,3
56,2
56,1
56,0
46,9
46,8
46,7
46,6
46,5
46,4
46,2
46,1
46,0
45,4
45,3
45,2
45,1
45,0
44,3
44,2
44,1
44,0
43,3
43,2
43,1
43,0
40,13
40,12
40,11
40,10
40,9
40,8
40,7
40,6
40,5
40,4
40,2
40,1
40,0
39,4
39,2
39,1
39,0
4,3
4,2
4,1
4,0
3,6
3,5
3,4
3,3
3,2
3,1
3,0
2,2
2,1
2,0
1,2
40,20
46,14
40,19
59,16
46,13
40,18
59,15
40,17
46,12
59,14
40,16
46,11
59,13
59,12
40,15
59,3
46,10
1,3
46,3
1,1
40,14
1,0
2,3
0,412
0,322
0,243
0,1
0,0
39,3
40,3
0,9
0,310
0,305
0,308
0,304
0,303
0,302
0,307
0,12
0,10
0,8
0,418
0,300
0,416
0,299
0,415
0,298
0,417
0,297
0,427
0,296
0,295
0,400
0,294
0,414
0,293
0,413
0,292
0,436
0,291
0,411
0,290
0,410
0,289
0,409
0,288
0,408
0,287
0,393
0,286
0,435
0,285
0,434
0,284
0,406
0,283
0,405
0,282
0,433
0,281
0,404
0,280
0,403
0,279
0,402
0,278
0,401
0,277
0,392
0,276
0,432
0,275
0,399
59,6
59,7
59,9
59,10
60,0
60,1
60,3
61,1
61,2
62,0
62,1
62,3
63,1
63,2
64,0
64,1
64,3
65,0
65,2
66,0
66,1
66,3
66,4
66,2
65,3
65,1
64,2
63,3
63,0
62,2
61,3
61,0
60,2
59,11
59,8
0,274
0,398
0,273
0,431
0,272
0,397
0,271
0,396
0,270
0,395
0,269
0,394
0,268
0,391
0,267
0,430
0,266
0,389
0,265
0,388
0,264
0,390
0,263
0,262
0,386
0,261
0,385
0,260
0,384
0,259
0,383
0,258
0,382
0,257
0,428
0,256
0,429
0,255
0,381
0,254
0,380
0,253
0,377
0,252
0,376
0,251
0,441
0,250
0,374
0,249
0,373
0,248
0,440
0,247
0,372
0,246
0,371
0,245
0,370
0,244
0,369
0,242
0,422
0,241
0,240
0,367
0,239
0,366
0,238
0,365
0,237
0,439
0,236
0,364
0,235
0,363
0,234
0,362
0,233
0,361
0,232
0,421
0,231
0,360
0,230
0,437
0,229
0,358
0,228
0,357
0,227
0,426
0,226
0,225
0,355
0,224
0,354
0,223
0,353
0,222
0,438
0,221
0,352
0,220
0,351
0,219
0,350
0,218
0,349
0,217
0,348
0,216
0,347
0,215
0,214
0,425
0,213
0,443
0,212
0,344
0,211
0,343
0,210
0,342
0,209
0,341
0,208
0,442
0,340
0,207
0,339
0,206
0,424
0,205
0,338
0,204
0,337
0,203
0,336
0,202
0,335
0,201
0,334
0,200
0,333
0,199
0,332
0,198
0,423
0,197
0,331
0,196
0,330
0,195
0,329
0,194
0,328
0,193
0,327
0,192
0,326
0,63
0,325
0,62
0,420
0,61
0,324
0,60
0,323
0,59
0,321
0,58
0,320
0,57
0,419
0,56
0,319
0,55
0,318
0,54
0,53
0,316
0,52
0,315
0,51
0,314
0,50
0,313
0,49
0,312
0,48
0,311
0,47
0,309
0,46
0,306
0,45
0,301
0,6
0,5
0,11
0,4
0,2
0,3
0,7
